function [motorMax, motorMin] = motorPositions

motorMin = [0,1023,154,888,162,512,205,512,381,454,205,424,205,512,420,258,313,295];
motorMax = [512,512,818,512,512,840,512,818,570,643,600,818,512,810,665,600,755,700];

end