function [simMax, simMin] = simulationPositions

simMin = [-135,-135,105,-135,102,0,45,45,38,17,90,-26,-90,0,-26,45,-58,-79];
simMax = [0,0,-90,0,0,-96,-45,-45,-17,-38,-26,90,0,-90,45,26,71,55];

end